1577.0000000000 -0.0000000000 4300.0000000000
6500.0000000000 0.0000000000 1772.0000000000
2402.0000000000 -0.0000000000 3011.0000000000
6475.0200000000 0.0000000000 1774.5140000000
6450.0400000000 0.0000000000 1777.0290000000
6425.0610000000 0.0000000000 1779.5460000000
6400.0810000000 0.0000000000 1782.0660000000
6375.1020000000 0.0000000000 1784.5910000000
6350.1240000000 0.0000000000 1787.1210000000
6325.1460000000 0.0000000000 1789.6570000000
6300.1690000000 0.0000000000 1792.2010000000
6275.1930000000 0.0000000000 1794.7530000000
6250.2180000000 0.0000000000 1797.3140000000
6225.2440000000 0.0000000000 1799.8860000000
6200.2710000000 0.0000000000 1802.4700000000
6175.3000000000 0.0000000000 1805.0660000000
6150.3300000000 0.0000000000 1807.6770000000
6125.3610000000 0.0000000000 1810.3020000000
6100.3940000000 0.0000000000 1812.9420000000
6075.4290000000 0.0000000000 1815.6000000000
6050.4660000000 0.0000000000 1818.2760000000
6025.5050000000 0.0000000000 1820.9710000000
6000.5460000000 0.0000000000 1823.6850000000
5975.5890000000 0.0000000000 1826.4210000000
5950.6350000000 0.0000000000 1829.1800000000
5925.6830000000 0.0000000000 1831.9610000000
5900.7350000000 0.0000000000 1834.7670000000
5875.7890000000 0.0000000000 1837.5980000000
5850.8460000000 0.0000000000 1840.4550000000
5825.9060000000 0.0000000000 1843.3410000000
5800.9690000000 0.0000000000 1846.2540000000
5776.0360000000 0.0000000000 1849.1970000000
5751.1070000000 0.0000000000 1852.1710000000
5726.1810000000 0.0000000000 1855.1770000000
5701.2600000000 0.0000000000 1858.2150000000
5676.3420000000 0.0000000000 1861.2870000000
5651.4290000000 0.0000000000 1864.3940000000
5626.5200000000 0.0000000000 1867.5370000000
5601.6160000000 0.0000000000 1870.7170000000
5576.7170000000 0.0000000000 1873.9350000000
5551.8230000000 0.0000000000 1877.1920000000
5526.9350000000 0.0000000000 1880.4890000000
5502.0510000000 0.0000000000 1883.8280000000
5477.1740000000 0.0000000000 1887.2080000000
5452.3020000000 0.0000000000 1890.6320000000
5427.4370000000 0.0000000000 1894.1010000000
5402.5780000000 0.0000000000 1897.6140000000
5377.7250000000 0.0000000000 1901.1740000000
5352.8800000000 0.0000000000 1904.7820000000
5328.0410000000 -0.0000000000 1908.4380000000
5303.2100000000 -0.0000000000 1912.1440000000
5278.3860000000 -0.0000000000 1915.9000000000
5253.5710000000 -0.0000000000 1919.7060000000
5228.7630000000 -0.0000000000 1923.5650000000
5203.9630000000 -0.0000000000 1927.4760000000
5179.1720000000 -0.0000000000 1931.4410000000
5154.3900000000 -0.0000000000 1935.4590000000
5129.6160000000 -0.0000000000 1939.5320000000
5104.8520000000 -0.0000000000 1943.6600000000
5080.0970000000 -0.0000000000 1947.8450000000
5055.3510000000 -0.0000000000 1952.0870000000
5030.6160000000 -0.0000000000 1956.3860000000
5005.8910000000 -0.0000000000 1960.7440000000
4981.1770000000 -0.0000000000 1965.1610000000
4956.4730000000 -0.0000000000 1969.6380000000
4931.7800000000 -0.0000000000 1974.1750000000
4907.0990000000 -0.0000000000 1978.7740000000
4882.4290000000 -0.0000000000 1983.4350000000
4857.7710000000 -0.0000000000 1988.1580000000
4833.1260000000 -0.0000000000 1992.9450000000
4808.4930000000 -0.0000000000 1997.7960000000
4783.8720000000 -0.0000000000 2002.7120000000
4759.2660000000 -0.0000000000 2007.6940000000
4734.6720000000 -0.0000000000 2012.7420000000
4710.0930000000 -0.0000000000 2017.8580000000
4685.5270000000 -0.0000000000 2023.0410000000
4660.9770000000 -0.0000000000 2028.2920000000
4636.4410000000 -0.0000000000 2033.6130000000
4611.9200000000 -0.0000000000 2039.0030000000
4587.4150000000 -0.0000000000 2044.4640000000
4562.9260000000 -0.0000000000 2049.9970000000
4538.4530000000 -0.0000000000 2055.6010000000
4513.9980000000 -0.0000000000 2061.2780000000
4489.5590000000 -0.0000000000 2067.0280000000
4465.1370000000 -0.0000000000 2072.8520000000
4440.7340000000 -0.0000000000 2078.7510000000
4416.3490000000 -0.0000000000 2084.7250000000
4391.9830000000 -0.0000000000 2090.7750000000
4367.6360000000 -0.0000000000 2096.9010000000
4343.3080000000 -0.0000000000 2103.1050000000
4319.0010000000 -0.0000000000 2109.3870000000
4294.7130000000 -0.0000000000 2115.7470000000
4270.4470000000 -0.0000000000 2122.1870000000
4246.2020000000 -0.0000000000 2128.7060000000
4221.9790000000 -0.0000000000 2135.3050000000
4197.7780000000 -0.0000000000 2141.9860000000
4173.6000000000 -0.0000000000 2148.7480000000
4149.4450000000 -0.0000000000 2155.5930000000
4125.3130000000 -0.0000000000 2162.5200000000
4101.2060000000 -0.0000000000 2169.5310000000
4077.1230000000 0.0000000000 2176.6260000000
4053.0650000000 0.0000000000 2183.8050000000
4029.0330000000 0.0000000000 2191.0710000000
4005.0280000000 0.0000000000 2198.4220000000
3981.0490000000 0.0000000000 2205.8620000000
3957.0980000000 0.0000000000 2213.3900000000
3933.1750000000 0.0000000000 2221.0070000000
3909.2820000000 0.0000000000 2228.7150000000
3885.4180000000 0.0000000000 2236.5140000000
3861.5840000000 0.0000000000 2244.4060000000
3837.7820000000 0.0000000000 2252.3910000000
3814.0110000000 0.0000000000 2260.4710000000
3790.2730000000 0.0000000000 2268.6460000000
3766.5690000000 0.0000000000 2276.9170000000
3742.8980000000 0.0000000000 2285.2850000000
3719.2630000000 0.0000000000 2293.7520000000
3695.6640000000 0.0000000000 2302.3180000000
3672.1010000000 0.0000000000 2310.9850000000
3648.5750000000 0.0000000000 2319.7520000000
3625.0880000000 0.0000000000 2328.6220000000
3601.6400000000 0.0000000000 2337.5950000000
3578.2330000000 0.0000000000 2346.6730000000
3554.8660000000 0.0000000000 2355.8560000000
3531.5420000000 0.0000000000 2365.1450000000
3508.2600000000 0.0000000000 2374.5410000000
3485.0230000000 0.0000000000 2384.0450000000
3461.8300000000 0.0000000000 2393.6590000000
3438.6830000000 0.0000000000 2403.3830000000
3415.5840000000 0.0000000000 2413.2180000000
3392.5320000000 0.0000000000 2423.1650000000
3369.5300000000 0.0000000000 2433.2250000000
3346.5780000000 0.0000000000 2443.4000000000
3323.6770000000 0.0000000000 2453.6900000000
3300.8290000000 0.0000000000 2464.0960000000
3278.0350000000 0.0000000000 2474.6180000000
3255.2950000000 0.0000000000 2485.2590000000
3232.6120000000 0.0000000000 2496.0190000000
3209.9860000000 0.0000000000 2506.8990000000
3187.4180000000 0.0000000000 2517.9000000000
3164.9100000000 0.0000000000 2529.0220000000
3142.4630000000 0.0000000000 2540.2680000000
3120.0790000000 0.0000000000 2551.6370000000
3097.7580000000 0.0000000000 2563.1300000000
3075.5020000000 0.0000000000 2574.7490000000
3053.3130000000 0.0000000000 2586.4940000000
3031.1910000000 0.0000000000 2598.3670000000
3009.1390000000 0.0000000000 2610.3670000000
2987.1570000000 0.0000000000 2622.4970000000
2965.2480000000 0.0000000000 2634.7560000000
2943.4120000000 0.0000000000 2647.1460000000
2921.6510000000 0.0000000000 2659.6670000000
2899.9670000000 0.0000000000 2672.3210000000
2878.3610000000 0.0000000000 2685.1070000000
2856.8340000000 0.0000000000 2698.0270000000
2835.3890000000 0.0000000000 2711.0820000000
2814.0270000000 0.0000000000 2724.2710000000
2792.7490000000 0.0000000000 2737.5960000000
2771.5570000000 0.0000000000 2751.0580000000
2750.4530000000 0.0000000000 2764.6570000000
2729.4380000000 0.0000000000 2778.3940000000
2708.5130000000 -0.0000000000 2792.2670000000
2687.6760000000 -0.0000000000 2806.2710000000
2666.9200000000 -0.0000000000 2820.3960000000
2646.2410000000 -0.0000000000 2834.6330000000
2625.6320000000 -0.0000000000 2848.9730000000
2605.0900000000 -0.0000000000 2863.4060000000
2584.6080000000 -0.0000000000 2877.9250000000
2564.1800000000 -0.0000000000 2892.5200000000
2543.8000000000 -0.0000000000 2907.1830000000
2523.4640000000 -0.0000000000 2921.9050000000
2503.1630000000 -0.0000000000 2936.6770000000
2482.8940000000 -0.0000000000 2951.4910000000
2462.6490000000 -0.0000000000 2966.3390000000
2442.4220000000 -0.0000000000 2981.2120000000
2422.2080000000 -0.0000000000 2996.1020000000
2386.2700000000 -0.0000000000 3030.4280000000
2370.5460000000 -0.0000000000 3049.8610000000
2354.8340000000 -0.0000000000 3069.3030000000
2339.1400000000 -0.0000000000 3088.7600000000
2323.4690000000 -0.0000000000 3108.2350000000
2307.8280000000 -0.0000000000 3127.7350000000
2292.2220000000 -0.0000000000 3147.2630000000
2276.6580000000 -0.0000000000 3166.8240000000
2261.1420000000 -0.0000000000 3186.4230000000
2245.6790000000 -0.0000000000 3206.0640000000
2230.2760000000 -0.0000000000 3225.7530000000
2214.9400000000 -0.0000000000 3245.4930000000
2199.6710000000 0.0000000000 3265.2850000000
2184.4430000000 0.0000000000 3285.1090000000
2169.2180000000 0.0000000000 3304.9350000000
2153.9600000000 0.0000000000 3324.7360000000
2138.6310000000 0.0000000000 3344.4820000000
2123.1950000000 0.0000000000 3364.1440000000
2107.6160000000 0.0000000000 3383.6930000000
2091.8590000000 0.0000000000 3403.0990000000
2075.8950000000 -0.0000000000 3422.3340000000
2059.7350000000 0.0000000000 3441.4060000000
2043.4150000000 0.0000000000 3460.3420000000
2026.9710000000 0.0000000000 3479.1690000000
2010.4360000000 0.0000000000 3497.9160000000
1993.8440000000 0.0000000000 3516.6140000000
1977.2280000000 0.0000000000 3535.2890000000
1960.6210000000 0.0000000000 3553.9730000000
1944.0550000000 0.0000000000 3572.6930000000
1927.5650000000 0.0000000000 3591.4800000000
1911.1830000000 0.0000000000 3610.3620000000
1894.9460000000 0.0000000000 3629.3670000000
1878.8880000000 0.0000000000 3648.5250000000
1863.0480000000 0.0000000000 3667.8630000000
1847.4640000000 0.0000000000 3687.4080000000
1832.1770000000 0.0000000000 3707.1860000000
1817.2300000000 0.0000000000 3727.2220000000
1802.6680000000 0.0000000000 3747.5390000000
1788.5360000000 0.0000000000 3768.1580000000
1774.8830000000 0.0000000000 3789.0970000000
1761.7580000000 -0.0000000000 3810.3720000000
1749.1910000000 -0.0000000000 3831.9790000000
1737.1650000000 -0.0000000000 3853.8940000000
1725.6610000000 -0.0000000000 3876.0860000000
1714.6540000000 -0.0000000000 3898.5290000000
1704.1190000000 -0.0000000000 3921.1980000000
1694.0300000000 -0.0000000000 3944.0680000000
1684.3590000000 -0.0000000000 3967.1190000000
1675.0780000000 -0.0000000000 3990.3300000000
1666.1580000000 -0.0000000000 4013.6810000000
1657.5720000000 -0.0000000000 4037.1580000000
1649.2900000000 -0.0000000000 4060.7430000000
1641.2830000000 -0.0000000000 4084.4240000000
1633.5240000000 -0.0000000000 4108.1860000000
1625.9840000000 -0.0000000000 4132.0190000000
1618.6340000000 -0.0000000000 4155.9120000000
1611.4470000000 -0.0000000000 4179.8540000000
1604.3960000000 -0.0000000000 4203.8370000000
1597.4530000000 -0.0000000000 4227.8500000000
1590.5900000000 -0.0000000000 4251.8880000000
1583.7820000000 -0.0000000000 4275.9400000000
