6500.0000000000 0.0000000000 1658.0000000000
4549.4090000000 0.0000000000 1705.1270000000
6474.9920000000 0.0000000000 1658.7980000000
6449.9830000000 0.0000000000 1659.5950000000
6424.9750000000 0.0000000000 1660.3910000000
6399.9660000000 0.0000000000 1661.1850000000
6374.9580000000 0.0000000000 1661.9750000000
6349.9490000000 0.0000000000 1662.7610000000
6324.9400000000 0.0000000000 1663.5430000000
6299.9310000000 0.0000000000 1664.3190000000
6274.9220000000 0.0000000000 1665.0890000000
6249.9130000000 0.0000000000 1665.8520000000
6224.9030000000 0.0000000000 1666.6070000000
6199.8930000000 0.0000000000 1667.3540000000
6174.8830000000 0.0000000000 1668.0910000000
6149.8720000000 0.0000000000 1668.8180000000
6124.8620000000 0.0000000000 1669.5340000000
6099.8500000000 0.0000000000 1670.2380000000
6074.8390000000 0.0000000000 1670.9300000000
6049.8270000000 0.0000000000 1671.6090000000
6024.8150000000 0.0000000000 1672.2730000000
5999.8020000000 0.0000000000 1672.9220000000
5974.7890000000 0.0000000000 1673.5560000000
5949.7760000000 0.0000000000 1674.1740000000
5924.7620000000 0.0000000000 1674.7740000000
5899.7480000000 0.0000000000 1675.3560000000
5874.7330000000 0.0000000000 1675.9190000000
5849.7180000000 0.0000000000 1676.4630000000
5824.7020000000 0.0000000000 1676.9860000000
5799.6860000000 0.0000000000 1677.4880000000
5774.6700000000 0.0000000000 1677.9680000000
5749.6530000000 0.0000000000 1678.4250000000
5724.6360000000 0.0000000000 1678.8590000000
5699.6180000000 0.0000000000 1679.2680000000
5674.6000000000 0.0000000000 1679.6520000000
5649.5810000000 0.0000000000 1680.0100000000
5624.5620000000 0.0000000000 1680.3410000000
5599.5430000000 0.0000000000 1680.6450000000
5574.5240000000 0.0000000000 1680.9210000000
5549.5040000000 0.0000000000 1681.1670000000
5524.4840000000 0.0000000000 1681.3830000000
5499.4630000000 0.0000000000 1681.5690000000
5474.4430000000 0.0000000000 1681.7220000000
5449.4220000000 0.0000000000 1681.8440000000
5424.4010000000 0.0000000000 1681.9320000000
5399.3800000000 0.0000000000 1681.9870000000
5374.3590000000 0.0000000000 1682.0070000000
5349.3380000000 0.0000000000 1681.9950000000
5324.3170000000 0.0000000000 1681.9590000000
5299.2960000000 0.0000000000 1681.9040000000
5274.2750000000 0.0000000000 1681.8380000000
5249.2540000000 0.0000000000 1681.7680000000
5224.2330000000 0.0000000000 1681.7000000000
5199.2120000000 0.0000000000 1681.6410000000
5174.1910000000 0.0000000000 1681.5970000000
5149.1700000000 0.0000000000 1681.5760000000
5124.1490000000 0.0000000000 1681.5840000000
5099.1280000000 0.0000000000 1681.6280000000
5074.1070000000 0.0000000000 1681.7140000000
5049.0860000000 0.0000000000 1681.8500000000
5024.0660000000 0.0000000000 1682.0420000000
4999.0460000000 0.0000000000 1682.2960000000
4974.0270000000 0.0000000000 1682.6200000000
4949.0090000000 0.0000000000 1683.0210000000
4923.9930000000 0.0000000000 1683.5040000000
4898.9790000000 0.0000000000 1684.0760000000
4873.9660000000 0.0000000000 1684.7450000000
4848.9570000000 0.0000000000 1685.5160000000
4823.9520000000 0.0000000000 1686.3970000000
4798.9510000000 0.0000000000 1687.3930000000
4773.9550000000 0.0000000000 1688.5120000000
4748.9650000000 0.0000000000 1689.7590000000
4723.9820000000 0.0000000000 1691.1420000000
4699.0070000000 0.0000000000 1692.6660000000
4674.0420000000 0.0000000000 1694.3380000000
4649.0880000000 0.0000000000 1696.1630000000
4624.1460000000 0.0000000000 1698.1490000000
4599.2170000000 0.0000000000 1700.3010000000
4574.3050000000 0.0000000000 1702.6250000000
1540.7940000000 -0.0000000000 2226.7120000000
4524.6270000000 0.0000000000 1707.8020000000
4499.8660000000 0.0000000000 1710.6640000000
4475.1290000000 0.0000000000 1713.7200000000
4450.4160000000 0.0000000000 1716.9740000000
4425.7310000000 0.0000000000 1720.4310000000
4401.0770000000 0.0000000000 1724.0970000000
4376.4560000000 0.0000000000 1727.9820000000
4351.8730000000 0.0000000000 1732.1030000000
4327.3340000000 0.0000000000 1736.4760000000
4302.8440000000 0.0000000000 1741.1160000000
4278.4100000000 0.0000000000 1746.0420000000
4254.0390000000 0.0000000000 1751.2700000000
4229.7390000000 0.0000000000 1756.8180000000
4205.5180000000 0.0000000000 1762.7050000000
4181.3870000000 0.0000000000 1768.9500000000
4157.3570000000 0.0000000000 1775.5700000000
4133.4400000000 0.0000000000 1782.5860000000
4109.6480000000 0.0000000000 1790.0180000000
4085.9970000000 0.0000000000 1797.8860000000
4062.5020000000 0.0000000000 1806.2090000000
4039.1820000000 0.0000000000 1815.0100000000
4016.0560000000 0.0000000000 1824.3080000000
3993.1450000000 0.0000000000 1834.1240000000
3970.4720000000 0.0000000000 1844.4780000000
3948.0620000000 0.0000000000 1855.3880000000
3925.9410000000 0.0000000000 1866.8740000000
3904.1350000000 0.0000000000 1878.9480000000
3882.6500000000 0.0000000000 1891.5840000000
3861.4810000000 0.0000000000 1904.7410000000
3840.6180000000 0.0000000000 1918.3790000000
3820.0490000000 0.0000000000 1932.4570000000
3799.7570000000 0.0000000000 1946.9320000000
3779.7260000000 0.0000000000 1961.7660000000
3759.9360000000 0.0000000000 1976.9200000000
3740.3650000000 0.0000000000 1992.3550000000
3720.9910000000 0.0000000000 2008.0370000000
3701.7890000000 0.0000000000 2023.9300000000
3682.7350000000 0.0000000000 2040.0000000000
3663.8060000000 0.0000000000 2056.2160000000
3644.9750000000 0.0000000000 2072.5470000000
3626.2180000000 0.0000000000 2088.9630000000
3607.5100000000 0.0000000000 2105.4340000000
3588.8270000000 0.0000000000 2121.9340000000
3570.1440000000 0.0000000000 2138.4340000000
3551.4380000000 -0.0000000000 2154.9080000000
3532.6870000000 -0.0000000000 2171.3290000000
3513.8670000000 -0.0000000000 2187.6720000000
3494.9570000000 -0.0000000000 2203.9110000000
3475.9370000000 -0.0000000000 2220.0210000000
3456.7870000000 -0.0000000000 2235.9770000000
3437.4950000000 -0.0000000000 2251.7600000000
3418.0560000000 -0.0000000000 2267.3620000000
3398.4670000000 -0.0000000000 2282.7740000000
3378.7230000000 -0.0000000000 2297.9890000000
3358.8210000000 -0.0000000000 2312.9960000000
3338.7580000000 -0.0000000000 2327.7860000000
3318.5280000000 -0.0000000000 2342.3480000000
3298.1290000000 -0.0000000000 2356.6710000000
3277.5560000000 -0.0000000000 2370.7440000000
3256.8060000000 -0.0000000000 2384.5540000000
3235.8740000000 -0.0000000000 2398.0870000000
3214.7570000000 -0.0000000000 2411.3290000000
3193.4510000000 -0.0000000000 2424.2660000000
3171.9530000000 -0.0000000000 2436.8800000000
3150.2600000000 -0.0000000000 2449.1550000000
3128.3680000000 -0.0000000000 2461.0730000000
3106.2750000000 -0.0000000000 2472.6130000000
3083.9790000000 -0.0000000000 2483.7550000000
3061.4780000000 -0.0000000000 2494.4780000000
3038.7710000000 -0.0000000000 2504.7570000000
3015.8570000000 -0.0000000000 2514.5680000000
2992.7390000000 -0.0000000000 2523.8850000000
2969.4170000000 -0.0000000000 2532.6790000000
2945.8940000000 -0.0000000000 2540.9220000000
2922.1750000000 -0.0000000000 2548.5840000000
2898.2680000000 -0.0000000000 2555.6320000000
2874.1790000000 -0.0000000000 2562.0340000000
2849.9200000000 -0.0000000000 2567.7560000000
2825.5030000000 -0.0000000000 2572.7650000000
2800.9450000000 -0.0000000000 2577.0240000000
2776.2640000000 -0.0000000000 2580.5010000000
2751.4820000000 -0.0000000000 2583.1600000000
2726.6230000000 -0.0000000000 2584.9710000000
2701.7160000000 -0.0000000000 2585.9030000000
2676.7920000000 -0.0000000000 2585.9320000000
2651.8820000000 -0.0000000000 2585.0760000000
2627.0150000000 -0.0000000000 2583.3790000000
2602.2150000000 -0.0000000000 2580.8860000000
2577.5020000000 -0.0000000000 2577.6440000000
2552.8910000000 -0.0000000000 2573.7030000000
2528.3920000000 -0.0000000000 2569.1100000000
2504.0150000000 -0.0000000000 2563.9140000000
2479.7630000000 -0.0000000000 2558.1600000000
2455.6380000000 -0.0000000000 2551.8940000000
2431.6390000000 -0.0000000000 2545.1590000000
2407.7650000000 -0.0000000000 2537.9970000000
2384.0100000000 -0.0000000000 2530.4480000000
2360.3700000000 -0.0000000000 2522.5490000000
2336.8360000000 -0.0000000000 2514.3360000000
2313.4010000000 -0.0000000000 2505.8430000000
2290.0580000000 -0.0000000000 2497.1050000000
2266.7960000000 -0.0000000000 2488.1510000000
2243.6060000000 -0.0000000000 2479.0120000000
2220.4780000000 -0.0000000000 2469.7180000000
2197.4010000000 -0.0000000000 2460.2960000000
2174.3660000000 -0.0000000000 2450.7740000000
2151.3610000000 -0.0000000000 2441.1790000000
2128.3760000000 -0.0000000000 2431.5370000000
2105.3990000000 -0.0000000000 2421.8740000000
2082.4200000000 -0.0000000000 2412.2170000000
2059.4280000000 -0.0000000000 2402.5920000000
2036.4110000000 -0.0000000000 2393.0240000000
2013.3630000000 -0.0000000000 2383.5330000000
1990.2790000000 -0.0000000000 2374.1300000000
1967.1560000000 -0.0000000000 2364.8230000000
1943.9900000000 -0.0000000000 2355.6250000000
1920.7770000000 -0.0000000000 2346.5440000000
1897.5140000000 -0.0000000000 2337.5910000000
1874.1990000000 -0.0000000000 2328.7780000000
1850.8270000000 -0.0000000000 2320.1150000000
1827.3960000000 -0.0000000000 2311.6140000000
1803.9020000000 -0.0000000000 2303.2860000000
1780.3440000000 -0.0000000000 2295.1430000000
1756.7190000000 -0.0000000000 2287.1980000000
1733.0240000000 -0.0000000000 2279.4620000000
1709.2570000000 -0.0000000000 2271.9490000000
1685.4180000000 -0.0000000000 2264.6720000000
1661.5030000000 -0.0000000000 2257.6430000000
1637.5140000000 -0.0000000000 2250.8760000000
1613.4480000000 -0.0000000000 2244.3860000000
1589.3060000000 -0.0000000000 2238.1850000000
1565.0880000000 -0.0000000000 2232.2900000000
609.0000000000 -0.0000000000 2269.0000000000
1516.5920000000 -0.0000000000 2221.5030000000
1492.3190000000 -0.0000000000 2216.6370000000
1467.9760000000 -0.0000000000 2212.1290000000
1443.5680000000 -0.0000000000 2207.9920000000
1419.0980000000 -0.0000000000 2204.2420000000
1394.5690000000 -0.0000000000 2200.8920000000
1369.9880000000 -0.0000000000 2197.9570000000
1345.3590000000 -0.0000000000 2195.4490000000
1320.6890000000 -0.0000000000 2193.3820000000
1295.9850000000 -0.0000000000 2191.7690000000
1271.2560000000 -0.0000000000 2190.6140000000
1246.5100000000 -0.0000000000 2189.9030000000
1221.7560000000 -0.0000000000 2189.6170000000
1197.0000000000 -0.0000000000 2189.7390000000
1172.2490000000 -0.0000000000 2190.2500000000
1147.5080000000 -0.0000000000 2191.1320000000
1122.7830000000 -0.0000000000 2192.3660000000
1098.0760000000 -0.0000000000 2193.9330000000
1073.3920000000 -0.0000000000 2195.8160000000
1048.7310000000 -0.0000000000 2197.9970000000
1024.0980000000 -0.0000000000 2200.4570000000
999.4913000000 -0.0000000000 2203.1780000000
974.9132000000 -0.0000000000 2206.1440000000
950.3636000000 -0.0000000000 2209.3370000000
925.8423000000 -0.0000000000 2212.7410000000
901.3487000000 -0.0000000000 2216.3390000000
876.8819000000 -0.0000000000 2220.1140000000
852.4406000000 -0.0000000000 2224.0520000000
828.0233000000 -0.0000000000 2228.1360000000
803.6282000000 -0.0000000000 2232.3510000000
779.2534000000 -0.0000000000 2236.6810000000
754.8968000000 -0.0000000000 2241.1120000000
730.5559000000 -0.0000000000 2245.6300000000
706.2284000000 -0.0000000000 2250.2180000000
681.9118000000 -0.0000000000 2254.8640000000
657.6033000000 -0.0000000000 2259.5520000000
633.3003000000 -0.0000000000 2264.2690000000
0.0000000000 -0.0000000000 2337.0000000000
585.1817000000 -0.0000000000 2275.5450000000
561.3523000000 -0.0000000000 2282.0490000000
537.5007000000 -0.0000000000 2288.4710000000
513.6165000000 -0.0000000000 2294.7700000000
489.6894000000 -0.0000000000 2300.9050000000
465.7103000000 -0.0000000000 2306.8330000000
441.6706000000 -0.0000000000 2312.5100000000
417.5634000000 -0.0000000000 2317.8930000000
393.3829000000 -0.0000000000 2322.9370000000
369.1252000000 -0.0000000000 2327.5940000000
344.7886000000 -0.0000000000 2331.8200000000
320.3735000000 -0.0000000000 2335.5650000000
295.8835000000 -0.0000000000 2338.7830000000
271.3247000000 -0.0000000000 2341.4250000000
246.7070000000 -0.0000000000 2343.4440000000
222.0439000000 -0.0000000000 2344.8000000000
197.3539000000 -0.0000000000 2345.5180000000
172.6538000000 -0.0000000000 2345.6720000000
147.9553000000 -0.0000000000 2345.3340000000
123.2661000000 -0.0000000000 2344.5770000000
98.5898400000 -0.0000000000 2343.4740000000
73.9273700000 -0.0000000000 2342.0950000000
49.2772200000 -0.0000000000 2340.5100000000
24.6361900000 -0.0000000000 2338.7890000000
