1577.0000000000 -0.0000000000 4300.0000000000
472.0000000000 -0.0000000000 4300.0000000000
1575.2300000000 -0.0000000000 4275.2190000000
1573.2350000000 -0.0000000000 4250.4560000000
1570.7880000000 -0.0000000000 4225.7330000000
1567.6610000000 -0.0000000000 4201.0880000000
1563.6250000000 -0.0000000000 4176.5760000000
1558.4550000000 -0.0000000000 4152.2780000000
1551.9430000000 -0.0000000000 4128.3070000000
1543.9120000000 -0.0000000000 4104.8020000000
1534.2340000000 0.0000000000 4081.9260000000
1522.8910000000 0.0000000000 4059.8290000000
1509.9620000000 0.0000000000 4038.6210000000
1495.4970000000 0.0000000000 4018.4290000000
1479.5170000000 0.0000000000 3999.4150000000
1462.0250000000 0.0000000000 3981.7840000000
1443.0170000000 0.0000000000 3965.8000000000
1422.5100000000 0.0000000000 3951.7960000000
1400.5650000000 0.0000000000 3940.1800000000
1377.3420000000 -0.0000000000 3931.4060000000
1353.1830000000 -0.0000000000 3925.6780000000
1328.5170000000 -0.0000000000 3922.8160000000
1303.6850000000 -0.0000000000 3922.5240000000
1278.9250000000 -0.0000000000 3924.4830000000
1254.3960000000 -0.0000000000 3928.3870000000
1230.1920000000 -0.0000000000 3933.9720000000
1206.3710000000 -0.0000000000 3941.0170000000
1182.9660000000 -0.0000000000 3949.3390000000
1159.9950000000 -0.0000000000 3958.7970000000
1137.4710000000 0.0000000000 3969.2760000000
1115.4040000000 -0.0000000000 3980.6860000000
1093.7730000000 -0.0000000000 3992.9040000000
1072.5260000000 -0.0000000000 4005.7770000000
1051.5840000000 -0.0000000000 4019.1430000000
1030.8530000000 -0.0000000000 4032.8340000000
1010.2240000000 -0.0000000000 4046.6790000000
989.5804000000 -0.0000000000 4060.5010000000
968.8010000000 -0.0000000000 4074.1180000000
947.7693000000 -0.0000000000 4087.3420000000
926.3792000000 -0.0000000000 4099.9760000000
904.5540000000 0.0000000000 4111.8430000000
882.3308000000 0.0000000000 4122.9470000000
859.7901000000 0.0000000000 4133.3920000000
837.0019000000 0.0000000000 4143.2870000000
814.0266000000 0.0000000000 4152.7390000000
790.9164000000 0.0000000000 4161.8570000000
767.7179000000 0.0000000000 4170.7480000000
744.4733000000 0.0000000000 4179.5180000000
721.2226000000 0.0000000000 4188.2710000000
698.0054000000 0.0000000000 4197.1140000000
674.8627000000 0.0000000000 4206.1490000000
651.8384000000 -0.0000000000 4215.4810000000
628.9686000000 -0.0000000000 4225.1860000000
606.2481000000 -0.0000000000 4235.2350000000
583.6604000000 -0.0000000000 4245.5800000000
561.1867000000 -0.0000000000 4256.1700000000
538.8065000000 -0.0000000000 4266.9570000000
516.4975000000 -0.0000000000 4277.8900000000
494.2366000000 -0.0000000000 4288.9200000000
