6500.0000000000 0.0000000000 539.0000000000
0.0000000000 0.0000000000 1179.0000000000
6475.1440000000 0.0000000000 541.9614000000
6450.2870000000 0.0000000000 544.9215000000
6425.4300000000 0.0000000000 547.8790000000
6400.5730000000 0.0000000000 550.8326000000
6375.7150000000 0.0000000000 553.7809000000
6350.8570000000 0.0000000000 556.7226000000
6325.9970000000 0.0000000000 559.6566000000
6301.1360000000 0.0000000000 562.5813000000
6276.2740000000 0.0000000000 565.4956000000
6251.4110000000 0.0000000000 568.3980000000
6226.5460000000 0.0000000000 571.2874000000
6201.6800000000 0.0000000000 574.1623000000
6176.8120000000 0.0000000000 577.0215000000
6151.9410000000 0.0000000000 579.8637000000
6127.0690000000 0.0000000000 582.6874000000
6102.1940000000 0.0000000000 585.4915000000
6077.3170000000 0.0000000000 588.2746000000
6052.4380000000 0.0000000000 591.0354000000
6027.5560000000 0.0000000000 593.7725000000
6002.6710000000 0.0000000000 596.4846000000
5977.7840000000 0.0000000000 599.1704000000
5952.8930000000 0.0000000000 601.8286000000
5927.9990000000 0.0000000000 604.4579000000
5903.1030000000 0.0000000000 607.0569000000
5878.2020000000 0.0000000000 609.6243000000
5853.2990000000 0.0000000000 612.1587000000
5828.3920000000 0.0000000000 614.6589000000
5803.4810000000 0.0000000000 617.1234000000
5778.5670000000 0.0000000000 619.5510000000
5753.6500000000 0.0000000000 621.9404000000
5728.7280000000 0.0000000000 624.2901000000
5703.8020000000 0.0000000000 626.5988000000
5678.8730000000 0.0000000000 628.8652000000
5653.9400000000 0.0000000000 631.0880000000
5629.0030000000 0.0000000000 633.2657000000
5604.0620000000 0.0000000000 635.3971000000
5579.1160000000 0.0000000000 637.4809000000
5554.1670000000 0.0000000000 639.5155000000
5529.2140000000 0.0000000000 641.4998000000
5504.2560000000 0.0000000000 643.4323000000
5479.2950000000 0.0000000000 645.3117000000
5454.3290000000 0.0000000000 647.1366000000
5429.3600000000 0.0000000000 648.9058000000
5404.3860000000 0.0000000000 650.6177000000
5379.4090000000 0.0000000000 652.2711000000
5354.4270000000 0.0000000000 653.8646000000
5329.4420000000 0.0000000000 655.3969000000
5304.4530000000 0.0000000000 656.8666000000
5279.4610000000 0.0000000000 658.2723000000
5254.4640000000 0.0000000000 659.6126000000
5229.4650000000 0.0000000000 660.8867000000
5204.4620000000 0.0000000000 662.0969000000
5179.4560000000 0.0000000000 663.2479000000
5154.4480000000 0.0000000000 664.3443000000
5129.4380000000 0.0000000000 665.3909000000
5104.4260000000 0.0000000000 666.3922000000
5079.4120000000 0.0000000000 667.3529000000
5054.3970000000 0.0000000000 668.2777000000
5029.3810000000 0.0000000000 669.1712000000
5004.3640000000 0.0000000000 670.0381000000
4979.3460000000 0.0000000000 670.8831000000
4954.3280000000 0.0000000000 671.7107000000
4929.3090000000 0.0000000000 672.5258000000
4904.2900000000 0.0000000000 673.3328000000
4879.2700000000 0.0000000000 674.1366000000
4854.2510000000 0.0000000000 674.9417000000
4829.2320000000 0.0000000000 675.7529000000
4804.2140000000 0.0000000000 676.5747000000
4779.1960000000 0.0000000000 677.4118000000
4754.1780000000 0.0000000000 678.2690000000
4729.1620000000 0.0000000000 679.1508000000
4704.1460000000 0.0000000000 680.0618000000
4679.1320000000 0.0000000000 681.0068000000
4654.1190000000 0.0000000000 681.9904000000
4629.1080000000 0.0000000000 683.0172000000
4604.0990000000 0.0000000000 684.0919000000
4579.0920000000 0.0000000000 685.2190000000
4554.0880000000 0.0000000000 686.4032000000
4529.0870000000 0.0000000000 687.6492000000
4504.0890000000 0.0000000000 688.9615000000
4479.0950000000 0.0000000000 690.3448000000
4454.1060000000 0.0000000000 691.8036000000
4429.1210000000 0.0000000000 693.3425000000
4404.1420000000 0.0000000000 694.9661000000
4379.1680000000 0.0000000000 696.6789000000
4354.2010000000 0.0000000000 698.4854000000
4329.2420000000 0.0000000000 700.3902000000
4304.2900000000 0.0000000000 702.3978000000
4279.3480000000 0.0000000000 704.5126000000
4254.4150000000 0.0000000000 706.7391000000
4229.4930000000 0.0000000000 709.0816000000
4204.5820000000 0.0000000000 711.5446000000
4179.6840000000 0.0000000000 714.1324000000
4154.8000000000 0.0000000000 716.8494000000
4129.9300000000 0.0000000000 719.6997000000
4105.0770000000 0.0000000000 722.6875000000
4080.2420000000 0.0000000000 725.8171000000
4055.4250000000 0.0000000000 729.0926000000
4030.6280000000 0.0000000000 732.5179000000
4005.8530000000 0.0000000000 736.0972000000
3981.1020000000 0.0000000000 739.8342000000
3956.3750000000 0.0000000000 743.7329000000
3931.6750000000 0.0000000000 747.7970000000
3907.0040000000 0.0000000000 752.0301000000
3882.3620000000 0.0000000000 756.4360000000
3857.7530000000 0.0000000000 761.0180000000
3833.1780000000 0.0000000000 765.7802000000
3808.6410000000 0.0000000000 770.7323000000
3784.1460000000 0.0000000000 775.8879000000
3759.6970000000 0.0000000000 781.2611000000
3735.3010000000 0.0000000000 786.8659000000
3710.9620000000 0.0000000000 792.7168000000
3686.6880000000 0.0000000000 798.8287000000
3662.4840000000 0.0000000000 805.2167000000
3638.3600000000 0.0000000000 811.8964000000
3614.3230000000 0.0000000000 818.8837000000
3590.3830000000 0.0000000000 826.1949000000
3566.5490000000 0.0000000000 833.8469000000
3542.8330000000 0.0000000000 841.8566000000
3519.2480000000 0.0000000000 850.2416000000
3495.8050000000 0.0000000000 859.0198000000
3472.5210000000 0.0000000000 868.2091000000
3449.4110000000 0.0000000000 877.8279000000
3426.4930000000 0.0000000000 887.8945000000
3403.7850000000 0.0000000000 898.4272000000
3381.3090000000 0.0000000000 909.4444000000
3359.0820000000 0.0000000000 920.9582000000
3337.1130000000 0.0000000000 932.9561000000
3315.4040000000 0.0000000000 945.4180000000
3293.9550000000 0.0000000000 958.3218000000
3272.7630000000 0.0000000000 971.6443000000
3251.8240000000 0.0000000000 985.3613000000
3231.1320000000 0.0000000000 999.4480000000
3210.6790000000 0.0000000000 1013.8790000000
3190.4550000000 0.0000000000 1028.6300000000
3170.4490000000 0.0000000000 1043.6750000000
3150.6490000000 0.0000000000 1058.9900000000
3131.0410000000 0.0000000000 1074.5520000000
3111.6130000000 0.0000000000 1090.3360000000
3092.3500000000 0.0000000000 1106.3220000000
3073.2380000000 0.0000000000 1122.4870000000
3054.2610000000 0.0000000000 1138.8110000000
3035.4050000000 0.0000000000 1155.2750000000
3016.6550000000 0.0000000000 1171.8600000000
2997.9980000000 0.0000000000 1188.5490000000
2979.4200000000 0.0000000000 1205.3250000000
2960.9060000000 0.0000000000 1222.1730000000
2942.4370000000 0.0000000000 1239.0700000000
2923.9630000000 0.0000000000 1255.9610000000
2905.4250000000 0.0000000000 1272.7820000000
2886.7670000000 0.0000000000 1289.4700000000
2867.9310000000 0.0000000000 1305.9560000000
2848.8580000000 0.0000000000 1322.1680000000
2829.4870000000 0.0000000000 1338.0210000000
2809.7520000000 0.0000000000 1353.4200000000
2789.5870000000 0.0000000000 1368.2500000000
2768.9190000000 0.0000000000 1382.3700000000
2747.6760000000 0.0000000000 1395.6080000000
2725.7890000000 0.0000000000 1407.7490000000
2703.2010000000 0.0000000000 1418.5250000000
2679.8820000000 0.0000000000 1427.6090000000
2655.8590000000 0.0000000000 1434.6090000000
2631.2450000000 0.0000000000 1439.0950000000
2606.2800000000 0.0000000000 1440.7320000000
2581.2870000000 0.0000000000 1439.5810000000
2556.5360000000 0.0000000000 1435.9000000000
2532.2130000000 0.0000000000 1430.0150000000
2508.4160000000 0.0000000000 1422.2660000000
2485.1790000000 0.0000000000 1412.9680000000
2462.4930000000 0.0000000000 1402.3930000000
2440.3240000000 0.0000000000 1390.7740000000
2418.6220000000 0.0000000000 1378.3000000000
2397.3360000000 0.0000000000 1365.1300000000
2376.4100000000 0.0000000000 1351.3950000000
2355.7890000000 0.0000000000 1337.2030000000
2335.4230000000 0.0000000000 1322.6490000000
2315.2620000000 0.0000000000 1307.8130000000
2295.2570000000 0.0000000000 1292.7660000000
2275.3640000000 0.0000000000 1277.5710000000
2255.5390000000 0.0000000000 1262.2880000000
2235.7390000000 0.0000000000 1246.9720000000
2215.9220000000 0.0000000000 1231.6790000000
2196.0450000000 0.0000000000 1216.4640000000
2176.0670000000 0.0000000000 1201.3810000000
2155.9440000000 0.0000000000 1186.4930000000
2135.6330000000 0.0000000000 1171.8620000000
2115.0920000000 0.0000000000 1157.5550000000
2094.3110000000 0.0000000000 1143.6010000000
2073.2880000000 0.0000000000 1130.0140000000
2052.0210000000 0.0000000000 1116.8110000000
2030.5110000000 0.0000000000 1104.0080000000
2008.7590000000 0.0000000000 1091.6210000000
1986.7670000000 0.0000000000 1079.6660000000
1964.5370000000 0.0000000000 1068.1590000000
1942.0720000000 0.0000000000 1057.1180000000
1919.3770000000 0.0000000000 1046.5570000000
1896.4580000000 0.0000000000 1036.4930000000
1873.3210000000 0.0000000000 1026.9390000000
1849.9740000000 0.0000000000 1017.9120000000
1826.4250000000 0.0000000000 1009.4240000000
1802.6850000000 0.0000000000 1001.4870000000
1778.7650000000 0.0000000000 994.1128000000
1754.6750000000 0.0000000000 987.3116000000
1730.4280000000 0.0000000000 981.0917000000
1706.0390000000 0.0000000000 975.4601000000
1681.5190000000 0.0000000000 970.4219000000
1656.8850000000 0.0000000000 965.9807000000
1632.1510000000 0.0000000000 962.1354000000
1607.3330000000 0.0000000000 958.8717000000
1582.4470000000 0.0000000000 956.1713000000
1557.5090000000 0.0000000000 954.0146000000
1532.5300000000 0.0000000000 952.3816000000
1507.5240000000 0.0000000000 951.2513000000
1482.5010000000 0.0000000000 950.6025000000
1457.4700000000 0.0000000000 950.4137000000
1432.4390000000 0.0000000000 950.6635000000
1407.4160000000 0.0000000000 951.3303000000
1382.4070000000 0.0000000000 952.3929000000
1357.4160000000 0.0000000000 953.8303000000
1332.4480000000 0.0000000000 955.6219000000
1307.5070000000 0.0000000000 957.7475000000
1282.5940000000 0.0000000000 960.1872000000
1257.7120000000 0.0000000000 962.9217000000
1232.8620000000 0.0000000000 965.9322000000
1208.0440000000 0.0000000000 969.2002000000
1183.2590000000 0.0000000000 972.7079000000
1158.5060000000 0.0000000000 976.4378000000
1133.7850000000 0.0000000000 980.3730000000
1109.0950000000 0.0000000000 984.4970000000
1084.4350000000 0.0000000000 988.7935000000
1059.8020000000 0.0000000000 993.2468000000
1035.1950000000 0.0000000000 997.8416000000
1010.6120000000 0.0000000000 1002.5630000000
986.0512000000 0.0000000000 1007.3950000000
961.5093000000 0.0000000000 1012.3250000000
936.9842000000 0.0000000000 1017.3370000000
912.4731000000 0.0000000000 1022.4180000000
887.9735000000 0.0000000000 1027.5540000000
863.4823000000 0.0000000000 1032.7300000000
838.9969000000 0.0000000000 1037.9330000000
814.5142000000 0.0000000000 1043.1480000000
790.0313000000 0.0000000000 1048.3640000000
765.5454000000 0.0000000000 1053.5640000000
741.0534000000 0.0000000000 1058.7360000000
716.5525000000 0.0000000000 1063.8660000000
692.0398000000 0.0000000000 1068.9390000000
667.5125000000 0.0000000000 1073.9410000000
642.9679000000 0.0000000000 1078.8570000000
618.4034000000 0.0000000000 1083.6730000000
593.8179000000 0.0000000000 1088.3800000000
569.2125000000 0.0000000000 1092.9820000000
544.5881000000 0.0000000000 1097.4810000000
519.9460000000 0.0000000000 1101.8830000000
495.2871000000 0.0000000000 1106.1900000000
470.6127000000 0.0000000000 1110.4060000000
445.9235000000 0.0000000000 1114.5350000000
421.2207000000 0.0000000000 1118.5820000000
396.5051000000 0.0000000000 1122.5510000000
371.7778000000 0.0000000000 1126.4450000000
347.0395000000 0.0000000000 1130.2690000000
322.2912000000 0.0000000000 1134.0280000000
297.5337000000 0.0000000000 1137.7250000000
272.7677000000 0.0000000000 1141.3660000000
247.9942000000 0.0000000000 1144.9550000000
223.2138000000 0.0000000000 1148.4960000000
198.4273000000 0.0000000000 1151.9940000000
173.6354000000 0.0000000000 1155.4540000000
148.8389000000 0.0000000000 1158.8800000000
124.0384000000 0.0000000000 1162.2780000000
99.2346600000 0.0000000000 1165.6510000000
74.4282700000 0.0000000000 1169.0050000000
49.6199300000 0.0000000000 1172.3450000000
24.8102900000 0.0000000000 1175.6750000000
