6500.0000000000 0.0000000000 1165.0000000000
0.0000000000 0.0000000000 1725.0000000000
6475.0190000000 0.0000000000 1166.2530000000
6450.0380000000 0.0000000000 1167.5070000000
6425.0580000000 0.0000000000 1168.7670000000
6400.0770000000 0.0000000000 1170.0320000000
6375.0970000000 0.0000000000 1171.3070000000
6350.1180000000 0.0000000000 1172.5920000000
6325.1400000000 0.0000000000 1173.8900000000
6300.1620000000 0.0000000000 1175.2040000000
6275.1850000000 0.0000000000 1176.5350000000
6250.2090000000 0.0000000000 1177.8860000000
6225.2340000000 0.0000000000 1179.2590000000
6200.2610000000 0.0000000000 1180.6550000000
6175.2890000000 0.0000000000 1182.0780000000
6150.3190000000 0.0000000000 1183.5300000000
6125.3510000000 0.0000000000 1185.0120000000
6100.3840000000 0.0000000000 1186.5270000000
6075.4200000000 0.0000000000 1188.0770000000
6050.4580000000 0.0000000000 1189.6640000000
6025.4990000000 0.0000000000 1191.2910000000
6000.5420000000 0.0000000000 1192.9600000000
5975.5890000000 0.0000000000 1194.6720000000
5950.6380000000 0.0000000000 1196.4310000000
5925.6910000000 0.0000000000 1198.2390000000
5900.7480000000 0.0000000000 1200.0970000000
5875.8090000000 0.0000000000 1202.0080000000
5850.8740000000 0.0000000000 1203.9750000000
5825.9440000000 0.0000000000 1205.9990000000
5801.0180000000 0.0000000000 1208.0830000000
5776.0980000000 0.0000000000 1210.2280000000
5751.1830000000 0.0000000000 1212.4300000000
5726.2720000000 0.0000000000 1214.6820000000
5701.3660000000 0.0000000000 1216.9810000000
5676.4630000000 0.0000000000 1219.3220000000
5651.5640000000 0.0000000000 1221.6970000000
5626.6680000000 0.0000000000 1224.1030000000
5601.7740000000 0.0000000000 1226.5350000000
5576.8820000000 0.0000000000 1228.9860000000
5551.9910000000 0.0000000000 1231.4520000000
5527.1020000000 0.0000000000 1233.9270000000
5502.2120000000 0.0000000000 1236.4060000000
5477.3230000000 0.0000000000 1238.8840000000
5452.4330000000 0.0000000000 1241.3550000000
5427.5420000000 0.0000000000 1243.8140000000
5402.6490000000 0.0000000000 1246.2570000000
5377.7540000000 0.0000000000 1248.6770000000
5352.8570000000 0.0000000000 1251.0690000000
5327.9560000000 0.0000000000 1253.4290000000
5303.0520000000 0.0000000000 1255.7500000000
5278.1430000000 0.0000000000 1258.0280000000
5253.2300000000 0.0000000000 1260.2580000000
5228.3130000000 0.0000000000 1262.4340000000
5203.3900000000 0.0000000000 1264.5510000000
5178.4620000000 0.0000000000 1266.6040000000
5153.5290000000 0.0000000000 1268.5880000000
5128.5900000000 0.0000000000 1270.4990000000
5103.6440000000 0.0000000000 1272.3300000000
5078.6930000000 0.0000000000 1274.0760000000
5053.7360000000 0.0000000000 1275.7340000000
5028.7730000000 0.0000000000 1277.2980000000
5003.8030000000 0.0000000000 1278.7630000000
4978.8280000000 0.0000000000 1280.1240000000
4953.8470000000 0.0000000000 1281.3770000000
4928.8610000000 0.0000000000 1282.5160000000
4903.8690000000 0.0000000000 1283.5380000000
4878.8730000000 0.0000000000 1284.4370000000
4853.8730000000 0.0000000000 1285.2100000000
4828.8690000000 0.0000000000 1285.8500000000
4803.8610000000 0.0000000000 1286.3560000000
4778.8520000000 0.0000000000 1286.7210000000
4753.8400000000 0.0000000000 1286.9410000000
4728.8280000000 0.0000000000 1287.0140000000
4703.8160000000 0.0000000000 1286.9430000000
4678.8050000000 0.0000000000 1286.7410000000
4653.7940000000 0.0000000000 1286.4220000000
4628.7860000000 0.0000000000 1285.9990000000
4603.7780000000 0.0000000000 1285.4860000000
4578.7730000000 0.0000000000 1284.8950000000
4553.7690000000 0.0000000000 1284.2400000000
4528.7670000000 0.0000000000 1283.5320000000
4503.7660000000 0.0000000000 1282.7860000000
4478.7650000000 0.0000000000 1282.0130000000
4453.7660000000 0.0000000000 1281.2270000000
4428.7660000000 0.0000000000 1280.4400000000
4403.7650000000 0.0000000000 1279.6630000000
4378.7640000000 0.0000000000 1278.9120000000
4353.7620000000 0.0000000000 1278.1970000000
4328.7590000000 0.0000000000 1277.5310000000
4303.7540000000 0.0000000000 1276.9280000000
4278.7470000000 0.0000000000 1276.4010000000
4253.7380000000 0.0000000000 1275.9630000000
4228.7280000000 0.0000000000 1275.6270000000
4203.7170000000 0.0000000000 1275.4060000000
4178.7050000000 0.0000000000 1275.3150000000
4153.6930000000 0.0000000000 1275.3680000000
4128.6810000000 0.0000000000 1275.5780000000
4103.6720000000 0.0000000000 1275.9610000000
4078.6660000000 0.0000000000 1276.5310000000
4053.6660000000 0.0000000000 1277.3030000000
4028.6730000000 0.0000000000 1278.2930000000
4003.6910000000 0.0000000000 1279.5160000000
3978.7220000000 0.0000000000 1280.9880000000
3953.7700000000 0.0000000000 1282.7260000000
3928.8400000000 0.0000000000 1284.7470000000
3903.9350000000 0.0000000000 1287.0670000000
3879.0630000000 0.0000000000 1289.7030000000
3854.2270000000 0.0000000000 1292.6720000000
3829.4370000000 0.0000000000 1295.9930000000
3804.6980000000 0.0000000000 1299.6830000000
3780.0210000000 0.0000000000 1303.7590000000
3755.4130000000 0.0000000000 1308.2390000000
3730.8860000000 0.0000000000 1313.1400000000
3706.4500000000 0.0000000000 1318.4790000000
3682.1190000000 0.0000000000 1324.2740000000
3657.9040000000 0.0000000000 1330.5390000000
3633.8210000000 0.0000000000 1337.2910000000
3609.8840000000 0.0000000000 1344.5440000000
3586.1090000000 0.0000000000 1352.3110000000
3562.5080000000 0.0000000000 1360.5930000000
3539.0870000000 0.0000000000 1369.3720000000
3515.8490000000 0.0000000000 1378.6240000000
3492.7970000000 0.0000000000 1388.3280000000
3469.9290000000 0.0000000000 1398.4610000000
3447.2460000000 0.0000000000 1409.0000000000
3424.7450000000 0.0000000000 1419.9230000000
3402.4230000000 0.0000000000 1431.2070000000
3380.2760000000 0.0000000000 1442.8310000000
3358.2980000000 0.0000000000 1454.7720000000
3336.4840000000 0.0000000000 1467.0100000000
3314.8280000000 0.0000000000 1479.5250000000
3293.3230000000 0.0000000000 1492.2970000000
3271.9600000000 0.0000000000 1505.3060000000
3250.7330000000 0.0000000000 1518.5350000000
3229.6320000000 0.0000000000 1531.9660000000
3208.6500000000 0.0000000000 1545.5810000000
3187.7790000000 0.0000000000 1559.3650000000
3167.0080000000 0.0000000000 1573.3010000000
3146.3310000000 0.0000000000 1587.3730000000
3125.7370000000 0.0000000000 1601.5690000000
3105.2180000000 0.0000000000 1615.8720000000
3084.7650000000 0.0000000000 1630.2700000000
3064.3700000000 0.0000000000 1644.7490000000
3044.0230000000 0.0000000000 1659.2970000000
3023.7170000000 0.0000000000 1673.9010000000
3003.4430000000 0.0000000000 1688.5490000000
2983.1920000000 0.0000000000 1703.2300000000
2962.9550000000 0.0000000000 1717.9300000000
2942.7100000000 0.0000000000 1732.6180000000
2922.4250000000 0.0000000000 1747.2520000000
2902.0730000000 0.0000000000 1761.7920000000
2881.6240000000 0.0000000000 1776.1950000000
2861.0500000000 0.0000000000 1790.4180000000
2840.3190000000 0.0000000000 1804.4140000000
2819.4050000000 0.0000000000 1818.1320000000
2798.2770000000 0.0000000000 1831.5180000000
2776.9060000000 0.0000000000 1844.5130000000
2755.2630000000 0.0000000000 1857.0500000000
2733.3200000000 0.0000000000 1869.0550000000
2711.0520000000 0.0000000000 1880.4440000000
2688.4360000000 0.0000000000 1891.1240000000
2665.4540000000 0.0000000000 1900.9910000000
2642.0950000000 0.0000000000 1909.9290000000
2618.3590000000 0.0000000000 1917.8090000000
2594.2590000000 0.0000000000 1924.4940000000
2569.8280000000 0.0000000000 1929.8390000000
2545.1200000000 0.0000000000 1933.6990000000
2520.2130000000 0.0000000000 1935.9410000000
2495.2120000000 0.0000000000 1936.5460000000
2470.2210000000 0.0000000000 1935.6150000000
2445.3210000000 0.0000000000 1933.2730000000
2420.5750000000 0.0000000000 1929.6540000000
2396.0220000000 0.0000000000 1924.8930000000
2371.6850000000 0.0000000000 1919.1250000000
2347.5750000000 0.0000000000 1912.4720000000
2323.6900000000 0.0000000000 1905.0520000000
2300.0200000000 0.0000000000 1896.9700000000
2276.5500000000 0.0000000000 1888.3220000000
2253.2630000000 0.0000000000 1879.1960000000
2230.1350000000 0.0000000000 1869.6720000000
2207.1440000000 0.0000000000 1859.8210000000
2184.2660000000 0.0000000000 1849.7120000000
2161.4760000000 0.0000000000 1839.4070000000
2138.7480000000 0.0000000000 1828.9640000000
2116.0570000000 0.0000000000 1818.4400000000
2093.3790000000 0.0000000000 1807.8890000000
2070.6880000000 0.0000000000 1797.3650000000
2047.9610000000 0.0000000000 1786.9210000000
2025.1720000000 0.0000000000 1776.6110000000
2002.2990000000 0.0000000000 1766.4910000000
1979.3180000000 0.0000000000 1756.6170000000
1956.2080000000 0.0000000000 1747.0500000000
1932.9480000000 0.0000000000 1737.8550000000
1909.5180000000 0.0000000000 1729.0990000000
1885.9100000000 0.0000000000 1720.8370000000
1862.1340000000 0.0000000000 1713.0720000000
1838.2040000000 0.0000000000 1705.7950000000
1814.1340000000 0.0000000000 1698.9950000000
1789.9380000000 0.0000000000 1692.6600000000
1765.6290000000 0.0000000000 1686.7740000000
1741.2180000000 0.0000000000 1681.3220000000
1716.7180000000 0.0000000000 1676.2850000000
1692.1400000000 0.0000000000 1671.6450000000
1667.4940000000 0.0000000000 1667.3820000000
1642.7890000000 0.0000000000 1663.4750000000
1618.0340000000 0.0000000000 1659.9010000000
1593.2350000000 0.0000000000 1656.6370000000
1568.4010000000 0.0000000000 1653.6620000000
1543.5360000000 0.0000000000 1650.9510000000
1518.6460000000 0.0000000000 1648.4790000000
1493.7360000000 0.0000000000 1646.2240000000
1468.8090000000 0.0000000000 1644.1590000000
1443.8690000000 0.0000000000 1642.2620000000
1418.9180000000 0.0000000000 1640.5070000000
1393.9590000000 0.0000000000 1638.8700000000
1368.9940000000 0.0000000000 1637.3310000000
1344.0240000000 0.0000000000 1635.8890000000
1319.0470000000 0.0000000000 1634.5430000000
1294.0660000000 0.0000000000 1633.2950000000
1269.0800000000 0.0000000000 1632.1460000000
1244.0900000000 0.0000000000 1631.0970000000
1219.0960000000 0.0000000000 1630.1490000000
1194.0980000000 0.0000000000 1629.3020000000
1169.0970000000 0.0000000000 1628.5580000000
1144.0920000000 0.0000000000 1627.9180000000
1119.0860000000 0.0000000000 1627.3820000000
1094.0770000000 0.0000000000 1626.9520000000
1069.0670000000 0.0000000000 1626.6280000000
1044.0560000000 0.0000000000 1626.4120000000
1019.0440000000 0.0000000000 1626.3040000000
994.0313000000 0.0000000000 1626.3060000000
969.0192000000 0.0000000000 1626.4190000000
944.0079000000 0.0000000000 1626.6440000000
918.9979000000 0.0000000000 1626.9810000000
893.9896000000 0.0000000000 1627.4320000000
868.9837000000 0.0000000000 1627.9980000000
843.9807000000 0.0000000000 1628.6800000000
818.9812000000 0.0000000000 1629.4790000000
793.9857000000 0.0000000000 1630.3960000000
768.9948000000 0.0000000000 1631.4320000000
744.0093000000 0.0000000000 1632.5890000000
719.0297000000 0.0000000000 1633.8670000000
694.0566000000 0.0000000000 1635.2680000000
669.0908000000 0.0000000000 1636.7930000000
644.1330000000 0.0000000000 1638.4420000000
619.1838000000 0.0000000000 1640.2170000000
594.2439000000 0.0000000000 1642.1200000000
569.3142000000 0.0000000000 1644.1510000000
544.3954000000 0.0000000000 1646.3110000000
519.4882000000 0.0000000000 1648.6030000000
494.5936000000 0.0000000000 1651.0260000000
469.7122000000 0.0000000000 1653.5820000000
444.8450000000 0.0000000000 1656.2720000000
419.9928000000 0.0000000000 1659.0970000000
395.1565000000 0.0000000000 1662.0590000000
370.3371000000 0.0000000000 1665.1590000000
345.5354000000 0.0000000000 1668.3980000000
320.7524000000 0.0000000000 1671.7770000000
295.9890000000 0.0000000000 1675.2980000000
271.2456000000 0.0000000000 1678.9550000000
246.5212000000 0.0000000000 1682.7400000000
221.8147000000 0.0000000000 1686.6390000000
197.1247000000 0.0000000000 1690.6410000000
172.4497000000 0.0000000000 1694.7350000000
147.7882000000 0.0000000000 1698.9100000000
123.1384000000 0.0000000000 1703.1530000000
98.4986100000 0.0000000000 1707.4540000000
73.8668400000 0.0000000000 1711.8000000000
49.2411500000 0.0000000000 1716.1810000000
24.6195500000 0.0000000000 1720.5850000000
