2402.0000000000 -0.0000000000 3011.0000000000
0.0000000000 -0.0000000000 3132.0000000000
2385.6940000000 -0.0000000000 2991.8660000000
2369.3880000000 -0.0000000000 2972.7310000000
2353.0830000000 -0.0000000000 2953.5960000000
2336.7790000000 -0.0000000000 2934.4600000000
2320.4760000000 -0.0000000000 2915.3230000000
2304.1750000000 -0.0000000000 2896.1850000000
2287.8750000000 -0.0000000000 2877.0450000000
2271.5780000000 -0.0000000000 2857.9030000000
2255.2830000000 -0.0000000000 2838.7600000000
2238.9910000000 -0.0000000000 2819.6130000000
2222.7020000000 -0.0000000000 2800.4650000000
2206.4160000000 -0.0000000000 2781.3130000000
2190.1280000000 -0.0000000000 2762.1640000000
2173.8070000000 -0.0000000000 2743.0420000000
2157.4180000000 -0.0000000000 2723.9780000000
2140.9290000000 -0.0000000000 2705.0020000000
2124.3040000000 -0.0000000000 2686.1440000000
2107.5100000000 -0.0000000000 2667.4370000000
2090.5140000000 -0.0000000000 2648.9130000000
2073.2860000000 -0.0000000000 2630.6050000000
2055.7940000000 -0.0000000000 2612.5490000000
2038.0100000000 -0.0000000000 2594.7800000000
2019.9070000000 -0.0000000000 2577.3370000000
2001.4600000000 -0.0000000000 2560.2570000000
1982.6490000000 -0.0000000000 2543.5810000000
1963.4540000000 -0.0000000000 2527.3470000000
1943.8600000000 -0.0000000000 2511.5970000000
1923.8570000000 -0.0000000000 2496.3700000000
1903.4400000000 -0.0000000000 2481.7040000000
1882.6140000000 -0.0000000000 2467.6240000000
1861.3880000000 -0.0000000000 2454.1550000000
1839.7700000000 -0.0000000000 2441.3250000000
1817.7670000000 -0.0000000000 2429.1670000000
1795.3870000000 -0.0000000000 2417.7160000000
1772.6410000000 -0.0000000000 2407.0130000000
1749.5400000000 -0.0000000000 2397.1000000000
1726.0960000000 -0.0000000000 2388.0260000000
1702.3280000000 -0.0000000000 2379.8410000000
1678.2540000000 -0.0000000000 2372.6030000000
1653.9020000000 -0.0000000000 2366.3680000000
1629.3020000000 -0.0000000000 2361.1980000000
1604.4910000000 -0.0000000000 2357.1560000000
1579.5160000000 -0.0000000000 2354.3050000000
1554.4300000000 -0.0000000000 2352.7050000000
1529.2950000000 -0.0000000000 2352.3670000000
1504.1720000000 -0.0000000000 2353.2090000000
1479.1070000000 -0.0000000000 2355.1340000000
1454.1380000000 -0.0000000000 2358.0430000000
1429.2880000000 -0.0000000000 2361.8400000000
1404.5720000000 -0.0000000000 2366.4300000000
1379.9960000000 -0.0000000000 2371.7230000000
1355.5610000000 -0.0000000000 2377.6310000000
1331.2610000000 -0.0000000000 2384.0740000000
1307.0870000000 -0.0000000000 2390.9740000000
1283.0290000000 -0.0000000000 2398.2660000000
1259.0850000000 -0.0000000000 2405.9270000000
1235.2580000000 -0.0000000000 2413.9430000000
1211.5490000000 -0.0000000000 2422.3030000000
1187.9580000000 -0.0000000000 2430.9910000000
1164.4860000000 -0.0000000000 2439.9940000000
1141.1320000000 -0.0000000000 2449.2990000000
1117.8940000000 -0.0000000000 2458.8910000000
1094.7710000000 -0.0000000000 2468.7560000000
1071.7600000000 -0.0000000000 2478.8810000000
1048.8590000000 -0.0000000000 2489.2510000000
1026.0640000000 -0.0000000000 2499.8530000000
1003.3720000000 -0.0000000000 2510.6720000000
980.7776000000 -0.0000000000 2521.6950000000
958.2774000000 -0.0000000000 2532.9090000000
935.8663000000 -0.0000000000 2544.3000000000
913.5392000000 -0.0000000000 2555.8540000000
891.2906000000 -0.0000000000 2567.5590000000
869.1150000000 -0.0000000000 2579.4020000000
847.0066000000 -0.0000000000 2591.3690000000
824.9591000000 -0.0000000000 2603.4490000000
802.9665000000 -0.0000000000 2615.6280000000
781.0223000000 -0.0000000000 2627.8940000000
759.1200000000 -0.0000000000 2640.2350000000
737.2538000000 -0.0000000000 2652.6400000000
715.4230000000 -0.0000000000 2665.1070000000
693.6287000000 -0.0000000000 2677.6370000000
671.8722000000 -0.0000000000 2690.2330000000
650.1546000000 -0.0000000000 2702.8960000000
628.4773000000 -0.0000000000 2715.6280000000
606.8414000000 -0.0000000000 2728.4300000000
585.2484000000 -0.0000000000 2741.3050000000
563.6994000000 -0.0000000000 2754.2530000000
542.1958000000 -0.0000000000 2767.2760000000
520.7390000000 -0.0000000000 2780.3760000000
499.3302000000 -0.0000000000 2793.5540000000
477.9709000000 -0.0000000000 2806.8130000000
456.6624000000 -0.0000000000 2820.1530000000
435.4062000000 -0.0000000000 2833.5760000000
414.2037000000 -0.0000000000 2847.0840000000
393.0563000000 -0.0000000000 2860.6780000000
371.9655000000 -0.0000000000 2874.3590000000
350.9327000000 -0.0000000000 2888.1300000000
329.9595000000 -0.0000000000 2901.9910000000
309.0451000000 -0.0000000000 2915.9410000000
288.1864000000 -0.0000000000 2929.9730000000
267.3799000000 -0.0000000000 2944.0840000000
246.6221000000 -0.0000000000 2958.2650000000
225.9096000000 -0.0000000000 2972.5130000000
205.2386000000 -0.0000000000 2986.8210000000
184.6057000000 -0.0000000000 3001.1840000000
164.0070000000 -0.0000000000 3015.5960000000
143.4389000000 -0.0000000000 3030.0510000000
122.8976000000 -0.0000000000 3044.5450000000
102.3794000000 -0.0000000000 3059.0710000000
81.8803600000 -0.0000000000 3073.6240000000
61.3967600000 -0.0000000000 3088.1990000000
40.9247400000 -0.0000000000 3102.7900000000
20.4604400000 -0.0000000000 3117.3930000000
