4549.4090000000 0.0000000000 1705.1270000000
1540.7940000000 -0.0000000000 2226.7120000000
4524.3810000000 0.0000000000 1704.3800000000
4499.3530000000 0.0000000000 1703.6410000000
4474.3250000000 0.0000000000 1702.9210000000
4449.2960000000 0.0000000000 1702.2260000000
4424.2660000000 0.0000000000 1701.5670000000
4399.2340000000 0.0000000000 1700.9510000000
4374.2020000000 0.0000000000 1700.3880000000
4349.1680000000 0.0000000000 1699.8880000000
4324.1330000000 0.0000000000 1699.4570000000
4299.0970000000 0.0000000000 1699.1070000000
4274.0590000000 0.0000000000 1698.8450000000
4249.0210000000 0.0000000000 1698.6810000000
4223.9820000000 0.0000000000 1698.6240000000
4198.9440000000 0.0000000000 1698.6830000000
4173.9060000000 0.0000000000 1698.8680000000
4148.8690000000 0.0000000000 1699.1880000000
4123.8340000000 0.0000000000 1699.6520000000
4098.8030000000 0.0000000000 1700.2710000000
4073.7770000000 0.0000000000 1701.0530000000
4048.7560000000 0.0000000000 1702.0090000000
4023.7430000000 0.0000000000 1703.1470000000
3998.7400000000 0.0000000000 1704.4790000000
3973.7480000000 0.0000000000 1706.0130000000
3948.7710000000 0.0000000000 1707.7600000000
3923.8090000000 0.0000000000 1709.7290000000
3898.8680000000 0.0000000000 1711.9310000000
3873.9490000000 0.0000000000 1714.3750000000
3849.0550000000 0.0000000000 1717.0710000000
3824.1920000000 0.0000000000 1720.0290000000
3799.3630000000 0.0000000000 1723.2590000000
3774.5710000000 0.0000000000 1726.7700000000
3749.8230000000 0.0000000000 1730.5720000000
3725.1230000000 0.0000000000 1734.6750000000
3700.4760000000 0.0000000000 1739.0870000000
3675.8880000000 0.0000000000 1743.8170000000
3651.3650000000 0.0000000000 1748.8730000000
3626.9100000000 0.0000000000 1754.2460000000
3602.5240000000 0.0000000000 1759.9240000000
3578.2060000000 0.0000000000 1765.8910000000
3553.9580000000 0.0000000000 1772.1340000000
3529.7790000000 0.0000000000 1778.6370000000
3505.6680000000 0.0000000000 1785.3880000000
3481.6220000000 0.0000000000 1792.3710000000
3457.6420000000 0.0000000000 1799.5740000000
3433.7240000000 0.0000000000 1806.9820000000
3409.8660000000 0.0000000000 1814.5810000000
3386.0660000000 0.0000000000 1822.3590000000
3362.3210000000 0.0000000000 1830.3010000000
3338.6260000000 0.0000000000 1838.3960000000
3314.9800000000 0.0000000000 1846.6290000000
3291.3780000000 0.0000000000 1854.9890000000
3267.8170000000 0.0000000000 1863.4620000000
3244.2920000000 0.0000000000 1872.0370000000
3220.7990000000 0.0000000000 1880.7000000000
3197.3360000000 0.0000000000 1889.4410000000
3173.8960000000 0.0000000000 1898.2450000000
3150.4760000000 0.0000000000 1907.1030000000
3127.0720000000 0.0000000000 1916.0010000000
3103.6790000000 0.0000000000 1924.9280000000
3080.2920000000 0.0000000000 1933.8730000000
3056.9070000000 0.0000000000 1942.8220000000
3033.5200000000 0.0000000000 1951.7660000000
3010.1260000000 0.0000000000 1960.6910000000
2986.7210000000 0.0000000000 1969.5870000000
2963.2990000000 0.0000000000 1978.4400000000
2939.8580000000 0.0000000000 1987.2410000000
2916.3930000000 0.0000000000 1995.9760000000
2892.8980000000 0.0000000000 2004.6340000000
2869.3710000000 0.0000000000 2013.2030000000
2845.8070000000 0.0000000000 2021.6700000000
2822.2030000000 0.0000000000 2030.0230000000
2798.5540000000 0.0000000000 2038.2500000000
2774.8580000000 0.0000000000 2046.3380000000
2751.1100000000 0.0000000000 2054.2740000000
2727.3080000000 0.0000000000 2062.0460000000
2703.4490000000 0.0000000000 2069.6410000000
2679.5300000000 0.0000000000 2077.0450000000
2655.5490000000 0.0000000000 2084.2460000000
2631.5040000000 0.0000000000 2091.2290000000
2607.3930000000 0.0000000000 2097.9820000000
2583.2150000000 0.0000000000 2104.4910000000
2558.9730000000 0.0000000000 2110.7540000000
2534.6690000000 0.0000000000 2116.7780000000
2510.3090000000 0.0000000000 2122.5660000000
2485.8950000000 0.0000000000 2128.1240000000
2461.4310000000 0.0000000000 2133.4570000000
2436.9200000000 0.0000000000 2138.5720000000
2412.3650000000 0.0000000000 2143.4720000000
2387.7700000000 0.0000000000 2148.1650000000
2363.1370000000 -0.0000000000 2152.6560000000
2338.4700000000 -0.0000000000 2156.9500000000
2313.7700000000 -0.0000000000 2161.0540000000
2289.0390000000 -0.0000000000 2164.9740000000
2264.2820000000 -0.0000000000 2168.7150000000
2239.4990000000 -0.0000000000 2172.2830000000
2214.6920000000 -0.0000000000 2175.6850000000
2189.8640000000 -0.0000000000 2178.9270000000
2165.0160000000 -0.0000000000 2182.0150000000
2140.1510000000 -0.0000000000 2184.9540000000
2115.2690000000 -0.0000000000 2187.7520000000
2090.3720000000 -0.0000000000 2190.4130000000
2065.4610000000 -0.0000000000 2192.9450000000
2040.5390000000 -0.0000000000 2195.3530000000
2015.6050000000 -0.0000000000 2197.6420000000
1990.6610000000 -0.0000000000 2199.8210000000
1965.7080000000 -0.0000000000 2201.8930000000
1940.7470000000 -0.0000000000 2203.8660000000
1915.7790000000 -0.0000000000 2205.7450000000
1890.8040000000 -0.0000000000 2207.5370000000
1865.8240000000 -0.0000000000 2209.2470000000
1840.8390000000 -0.0000000000 2210.8810000000
1815.8490000000 -0.0000000000 2212.4450000000
1790.8550000000 -0.0000000000 2213.9450000000
1765.8580000000 -0.0000000000 2215.3870000000
1740.8570000000 -0.0000000000 2216.7770000000
1715.8550000000 -0.0000000000 2218.1200000000
1690.8500000000 -0.0000000000 2219.4230000000
1665.8430000000 -0.0000000000 2220.6910000000
1640.8350000000 -0.0000000000 2221.9300000000
1615.8260000000 -0.0000000000 2223.1460000000
1590.8160000000 -0.0000000000 2224.3440000000
1565.8050000000 -0.0000000000 2225.5310000000
